0.492806 -0.869677 0.0283495 0.699103 0.870006 0.493038 0.00141111 0.547128 -0.0152046 0.0239688 0.999597 0.779446
0.49105 -0.870703 0.0273402 1.09555 0.871019 0.491248 0.000627138 1.30983 -0.0139769 0.0235059 0.999626 0.7815
0.48929 -0.871724 0.0263339 1.49211 0.872028 0.489456 -0.000161165 2.07272 -0.0127488 0.0230428 0.999653 0.783553
