0.492806 -0.869677 0.0283495 0.699103 0.870006 0.493038 0.00141111 0.547128 -0.0152046 0.0239688 0.999597 0.779446
0.501283 -0.864897 0.0258575 2.81549 0.865115 0.501551 0.00474161 0.688399 -0.0170699 0.0199929 0.999654 0.782039
0.51043 -0.859572 0.0244478 2.82147 0.859731 0.510706 0.00638792 0.660089 -0.0179765 0.0177579 0.999681 0.78489
